R : (49,587)
1 : (932,904)
2 : (648,517)
3 : (273,868)
4 : (106,418)
5 : (521,454)
6 : (966,508)
7 : (505,657)
8 : (933,667)
9 : (414,737)
10 : (766,899)
11 : (907,383)
12 : (558,697)
13 : (209,295)
14 : (388,374)
15 : (290,757)
16 : (561,862)
17 : (911,76)
18 : (27,568)
19 : (898,467)
20 : (736,88)
21 : (760,942)
22 : (422,53)
23 : (266,53)
24 : (8,109)
25 : (910,808)
26 : (114,725)
27 : (335,601)
28 : (372,43)
29 : (277,118)
30 : (578,756)
31 : (33,736)
32 : (459,803)
33 : (689,636)
34 : (469,632)
35 : (631,953)
36 : (518,766)
37 : (48,366)
38 : (101,646)
39 : (207,146)
40 : (533,27)
41 : (566,186)
42 : (857,280)
43 : (451,296)
44 : (552,165)
45 : (168,961)
46 : (587,578)
47 : (16,793)
48 : (511,497)
49 : (477,945)
50 : (730,341)
51 : (327,429)
52 : (80,947)
53 : (472,368)
54 : (867,719)
55 : (320,785)
56 : (962,34)
57 : (21,762)
58 : (914,45)
59 : (652,777)
60 : (974,169)
61 : (232,884)
62 : (259,581)
63 : (517,528)
64 : (151,227)
65 : (593,752)
66 : (760,213)
67 : (513,642)
68 : (952,285)
69 : (187,248)
70 : (140,251)
71 : (684,748)
72 : (149,465)
73 : (720,474)
74 : (227,553)
75 : (577,95)
76 : (127,688)
77 : (321,101)
78 : (895,598)
79 : (901,554)
80 : (880,158)
81 : (307,50)
82 : (236,621)
83 : (452,584)
84 : (897,922)
85 : (381,860)
86 : (828,14)
87 : (558,685)
88 : (379,501)
89 : (857,419)
90 : (25,532)
91 : (88,121)
92 : (990,666)
93 : (574,374)
94 : (508,986)
95 : (289,726)
96 : (546,39)
97 : (585,258)
98 : (293,282)
99 : (804,794)
100 : (967,95)
101 : (347,219)
102 : (41,254)
103 : (175,357)
104 : (208,765)
105 : (383,635)
106 : (266,435)
107 : (990,335)
108 : (295,45)
109 : (469,188)
110 : (237,932)
111 : (841,882)
112 : (367,734)
113 : (852,527)
114 : (204,812)
115 : (582,385)
116 : (68,634)
117 : (48,860)
118 : (254,183)
119 : (257,520)
120 : (577,722)
121 : (605,119)
122 : (347,207)
123 : (272,153)
124 : (289,454)
125 : (844,553)
126 : (598,92)
127 : (304,677)
128 : (552,776)
129 : (479,796)
130 : (451,796)
131 : (523,36)
132 : (810,403)
133 : (617,504)
134 : (415,561)
135 : (139,614)
136 : (638,100)
137 : (275,713)
138 : (515,966)
139 : (363,881)
140 : (773,863)
141 : (72,57)
142 : (205,586)
143 : (114,616)
144 : (296,773)
145 : (219,983)
146 : (0,302)
147 : (205,867)
148 : (585,945)
149 : (925,514)
150 : (604,122)
151 : (312,664)
152 : (289,418)
153 : (755,312)
154 : (67,905)
155 : (81,414)
156 : (816,904)
157 : (781,620)
158 : (840,586)
159 : (733,773)
160 : (599,290)
161 : (292,566)
162 : (551,682)
163 : (6,277)
164 : (490,939)
165 : (454,296)
166 : (894,450)
167 : (682,706)
168 : (837,380)
169 : (86,723)
170 : (496,112)
171 : (107,431)
172 : (511,291)
173 : (180,847)
174 : (538,616)
175 : (755,442)
176 : (787,45)
177 : (882,767)
178 : (832,114)
179 : (99,274)
180 : (422,362)
181 : (925,706)
182 : (677,591)
183 : (641,934)
184 : (757,8)
185 : (106,782)
186 : (916,556)
187 : (252,184)
188 : (486,733)
189 : (651,258)
190 : (436,678)
191 : (388,725)
192 : (367,979)
193 : (612,977)
194 : (633,162)
195 : (865,461)
196 : (204,357)
197 : (812,543)
198 : (522,952)
199 : (763,836)
200 : (449,13)
201 : (594,699)
202 : (700,992)
203 : (650,999)
204 : (590,601)
205 : (162,962)
206 : (907,258)
207 : (505,510)
208 : (119,83)
209 : (37,145)
210 : (840,605)
211 : (978,908)
212 : (853,732)
213 : (263,459)
214 : (877,478)
215 : (618,110)
216 : (732,920)
217 : (6,610)
218 : (534,190)
219 : (109,568)
220 : (219,481)
221 : (229,549)
222 : (108,823)
223 : (426,325)
224 : (870,95)
225 : (869,15)
226 : (794,635)
227 : (682,777)
228 : (324,96)
229 : (685,900)
230 : (220,194)
231 : (756,782)
232 : (476,998)
233 : (225,251)
234 : (345,370)
235 : (79,303)
236 : (805,173)
237 : (688,912)
238 : (282,867)
239 : (822,163)
240 : (789,797)
241 : (287,83)
242 : (483,504)
243 : (875,133)
244 : (631,649)
245 : (365,541)
246 : (928,675)
247 : (758,905)
248 : (821,987)
249 : (597,920)
250 : (487,436)
251 : (574,456)
252 : (541,864)
253 : (684,425)
254 : (534,183)
255 : (443,787)
256 : (332,486)
257 : (777,381)
258 : (334,896)
259 : (192,329)
260 : (446,833)
261 : (67,816)
262 : (451,501)
263 : (82,546)
264 : (251,953)
265 : (190,361)
266 : (857,952)
267 : (707,757)
268 : (428,252)
269 : (919,903)
270 : (99,466)
271 : (327,826)
272 : (17,317)
273 : (893,114)
274 : (73,250)
275 : (483,664)
276 : (821,342)
277 : (296,422)
278 : (526,451)
279 : (872,734)
280 : (285,853)
281 : (110,637)
282 : (492,928)
283 : (523,830)
284 : (62,354)
285 : (577,873)
286 : (885,675)
287 : (147,11)
288 : (186,493)
289 : (346,759)
290 : (27,131)
291 : (388,920)
292 : (468,236)
293 : (463,456)
294 : (556,416)
295 : (138,155)
296 : (289,558)
297 : (763,47)
298 : (116,656)
299 : (73,638)
300 : (207,146)
301 : (550,969)
302 : (591,341)
303 : (656,391)
304 : (182,933)
305 : (25,423)
306 : (536,405)
307 : (152,420)
308 : (695,923)
309 : (188,263)
310 : (805,183)
311 : (706,243)
312 : (255,846)
313 : (536,635)
314 : (13,738)
315 : (629,102)
316 : (185,873)
317 : (571,842)
318 : (472,992)
319 : (211,728)
320 : (824,903)
321 : (416,861)
322 : (672,523)
323 : (667,214)
324 : (982,987)
325 : (403,66)
326 : (406,732)
327 : (530,689)
328 : (247,108)
329 : (957,618)
330 : (382,833)
331 : (962,163)
332 : (384,981)
333 : (282,581)
334 : (64,980)
335 : (643,490)
336 : (473,471)
337 : (161,889)
338 : (144,777)
339 : (155,379)
340 : (331,207)
341 : (899,736)
342 : (151,504)
343 : (594,179)
344 : (432,572)
345 : (112,776)
346 : (636,417)
347 : (557,539)
348 : (11,999)
349 : (644,495)
350 : (317,175)
351 : (269,384)
352 : (463,689)
353 : (958,989)
354 : (899,274)
355 : (27,786)
356 : (923,121)
357 : (572,498)
358 : (732,856)
359 : (251,924)
360 : (180,269)
361 : (335,856)
362 : (978,869)
363 : (401,374)
364 : (691,521)
365 : (1,196)
366 : (612,772)
367 : (591,443)
368 : (980,997)
369 : (988,393)
370 : (920,885)
371 : (879,181)
372 : (853,288)
373 : (218,934)
374 : (406,75)
375 : (809,797)
376 : (22,968)
377 : (325,679)
378 : (921,58)
379 : (233,315)
380 : (147,46)
381 : (615,721)
382 : (867,504)
383 : (895,605)
384 : (668,143)
385 : (354,506)
386 : (212,602)
387 : (423,342)
388 : (106,104)
389 : (221,264)
390 : (900,881)
391 : (529,622)
392 : (827,465)
393 : (810,942)
394 : (568,328)
395 : (429,692)
396 : (586,572)
397 : (906,593)
398 : (641,863)
399 : (666,279)
400 : (607,247)
401 : (148,180)
402 : (440,138)
403 : (303,698)
404 : (399,25)
405 : (809,393)
406 : (904,129)
407 : (169,857)
408 : (890,964)
409 : (742,423)
410 : (89,541)
411 : (995,71)
412 : (607,554)
413 : (777,515)
414 : (678,671)
415 : (402,559)
416 : (548,692)
417 : (700,196)
418 : (953,605)
419 : (902,378)
420 : (493,16)
421 : (90,614)
422 : (78,331)
423 : (342,270)
424 : (131,159)
425 : (822,198)
426 : (698,12)
427 : (366,170)
428 : (240,623)
429 : (124,331)
430 : (881,19)
431 : (283,828)
432 : (317,819)
433 : (273,872)
434 : (916,379)
435 : (530,840)
436 : (432,240)
437 : (26,59)
438 : (784,92)
439 : (733,110)
440 : (380,900)
441 : (767,546)
442 : (562,121)
443 : (855,157)
444 : (930,325)
445 : (178,207)
446 : (473,437)
447 : (59,217)
448 : (456,826)
449 : (143,330)
450 : (799,192)
451 : (643,993)
452 : (861,828)
453 : (441,553)
454 : (248,647)
455 : (906,945)
456 : (484,520)
457 : (221,251)
458 : (146,702)
459 : (626,367)
460 : (502,418)
461 : (295,679)
462 : (857,892)
463 : (712,286)
464 : (670,566)
465 : (593,902)
466 : (704,886)
467 : (904,373)
468 : (580,810)
469 : (772,832)
470 : (0,611)
471 : (654,379)
472 : (228,366)
473 : (486,611)
474 : (731,619)
475 : (748,281)
476 : (206,302)
477 : (20,814)
478 : (892,410)
479 : (290,588)
480 : (889,418)
481 : (995,210)
482 : (590,450)
483 : (631,281)
484 : (511,805)
485 : (558,144)
486 : (387,277)
487 : (703,216)
488 : (965,869)
489 : (455,81)
490 : (138,331)
491 : (987,706)
492 : (347,52)
493 : (882,935)
494 : (10,216)
495 : (733,434)
496 : (57,107)
497 : (488,611)
498 : (720,375)
499 : (196,518)
500 : (784,308)
501 : (279,456)
502 : (717,707)
503 : (948,63)
504 : (544,582)
505 : (55,480)
506 : (701,151)
507 : (931,939)
508 : (525,143)
509 : (836,601)
510 : (980,25)
511 : (37,143)
512 : (500,908)
513 : (580,243)
514 : (837,581)
515 : (438,15)
516 : (323,278)
517 : (900,276)
518 : (839,521)
519 : (739,525)
520 : (273,706)
521 : (634,122)
522 : (496,505)
523 : (772,992)
524 : (893,78)
525 : (527,487)
526 : (963,608)
527 : (397,791)
528 : (471,55)
529 : (535,899)
530 : (376,43)
531 : (901,63)
532 : (4,765)
533 : (929,537)
534 : (871,617)
535 : (10,652)
536 : (934,671)
537 : (684,59)
538 : (495,90)
539 : (522,968)
540 : (249,408)
541 : (147,844)
542 : (365,157)
543 : (724,820)
544 : (542,511)
545 : (175,606)
546 : (170,932)
547 : (934,852)
548 : (531,542)
549 : (642,638)
550 : (602,165)
551 : (714,441)
552 : (400,597)
553 : (415,332)
554 : (233,135)
555 : (126,749)
556 : (871,192)
557 : (925,712)
558 : (236,282)
559 : (243,621)
560 : (968,566)
561 : (585,974)
562 : (438,15)
563 : (907,399)
564 : (489,673)
565 : (132,575)
566 : (751,901)
567 : (557,872)
568 : (610,228)
569 : (244,112)
570 : (521,590)
571 : (688,656)
572 : (710,225)
573 : (983,979)
574 : (461,793)
575 : (760,486)
576 : (124,455)
577 : (211,426)
578 : (727,636)
579 : (648,602)
580 : (500,127)
581 : (333,201)
582 : (675,577)
583 : (522,605)
584 : (387,939)
585 : (786,799)
586 : (528,720)
587 : (709,409)
588 : (705,782)
589 : (437,334)
590 : (908,865)
591 : (884,594)
592 : (696,237)
593 : (287,306)
594 : (807,744)
595 : (764,877)
596 : (953,768)
597 : (230,723)
598 : (65,93)
599 : (81,970)
600 : (587,792)
601 : (968,710)
602 : (846,342)
603 : (273,629)
604 : (205,284)
605 : (229,677)
606 : (817,219)
607 : (791,82)
608 : (184,739)
609 : (894,980)
610 : (329,62)
611 : (961,856)
612 : (429,110)
613 : (391,771)
614 : (885,578)
615 : (14,223)
616 : (908,107)
617 : (506,207)
618 : (423,388)
619 : (273,388)
620 : (198,170)
621 : (117,963)
622 : (897,999)
623 : (536,798)
624 : (643,462)
625 : (861,882)
626 : (869,368)
627 : (722,599)
628 : (496,130)
629 : (492,542)
630 : (739,127)
631 : (667,433)
632 : (124,633)
633 : (975,320)
634 : (52,293)
635 : (67,385)
636 : (770,299)
637 : (394,930)
638 : (513,598)
639 : (107,483)
640 : (665,683)
641 : (100,280)
642 : (390,867)
643 : (582,862)
644 : (467,986)
645 : (807,57)
646 : (649,67)
647 : (918,939)
648 : (824,324)
649 : (155,133)
650 : (817,7)
651 : (553,311)
652 : (582,204)
653 : (213,69)
654 : (103,289)
655 : (163,223)
656 : (728,247)
657 : (404,420)
658 : (520,403)
659 : (424,188)
660 : (288,613)
661 : (301,723)
662 : (704,351)
663 : (829,117)
664 : (342,376)
665 : (654,954)
666 : (886,338)
667 : (627,31)
668 : (153,654)
669 : (372,999)
670 : (494,289)
671 : (101,312)
672 : (693,891)
673 : (121,255)
674 : (153,635)
675 : (189,202)
676 : (722,1)
677 : (240,573)
678 : (775,377)
679 : (238,494)
680 : (87,436)
681 : (231,776)
682 : (403,740)
683 : (739,738)
684 : (163,263)
685 : (265,316)
686 : (456,247)
687 : (445,595)
688 : (242,471)
689 : (888,961)
690 : (361,527)
691 : (716,235)
692 : (582,415)
693 : (876,375)
694 : (666,853)
695 : (943,165)
696 : (256,803)
697 : (613,405)
698 : (367,970)
699 : (870,130)
700 : (198,136)
701 : (87,79)
702 : (439,670)
703 : (604,128)
704 : (886,614)
705 : (279,295)
706 : (955,198)
707 : (229,141)
708 : (293,680)
709 : (429,32)
710 : (952,349)
711 : (723,839)
712 : (695,465)
713 : (314,589)
714 : (132,135)
715 : (254,131)
716 : (739,775)
717 : (312,300)
718 : (434,757)
719 : (186,591)
720 : (361,93)
721 : (761,913)
722 : (989,357)
723 : (279,651)
724 : (464,372)
725 : (967,995)
726 : (0,354)
727 : (834,477)
728 : (717,252)
729 : (585,257)
730 : (428,733)
731 : (909,952)
732 : (29,655)
733 : (726,362)
734 : (393,811)
735 : (119,749)
736 : (8,930)
737 : (85,84)
738 : (48,145)
739 : (811,578)
740 : (851,564)
741 : (261,672)
742 : (868,10)
743 : (647,794)
744 : (147,790)
745 : (80,840)
746 : (252,3)
747 : (528,96)
748 : (414,687)
749 : (988,753)
750 : (480,352)
751 : (690,307)
752 : (246,82)
753 : (402,293)
754 : (25,227)
755 : (886,477)
756 : (476,721)
757 : (847,251)
758 : (917,264)
759 : (679,635)
760 : (678,916)
761 : (951,810)
762 : (391,99)
763 : (58,898)
764 : (200,587)
765 : (451,888)
766 : (882,432)
767 : (104,601)
768 : (200,419)
769 : (943,167)
770 : (909,127)
771 : (765,806)
772 : (550,39)
773 : (303,71)
774 : (497,653)
775 : (874,912)
776 : (839,128)
777 : (538,296)
778 : (970,34)
779 : (488,776)
780 : (786,567)
781 : (319,240)
782 : (236,995)
783 : (683,152)
784 : (962,663)
785 : (399,883)
786 : (199,463)
787 : (587,61)
788 : (663,581)
789 : (164,697)
790 : (621,374)
791 : (672,642)
792 : (53,25)
793 : (432,752)
794 : (413,482)
795 : (144,243)
796 : (442,362)
797 : (189,854)
798 : (696,549)
799 : (349,782)
800 : (77,132)
801 : (349,555)
802 : (566,637)
803 : (754,855)
804 : (932,821)
805 : (402,823)
806 : (977,604)
807 : (396,274)
808 : (436,91)
809 : (761,131)
810 : (51,537)
811 : (751,602)
812 : (382,91)
813 : (838,344)
814 : (110,864)
815 : (254,391)
816 : (910,978)
817 : (804,711)
818 : (81,393)
819 : (940,333)
820 : (334,961)
821 : (967,882)
822 : (346,346)
823 : (968,924)
824 : (414,110)
825 : (161,702)
826 : (644,804)
827 : (500,73)
828 : (247,396)
829 : (479,788)
830 : (593,955)
831 : (260,658)
832 : (923,399)
833 : (493,347)
834 : (996,395)
835 : (540,200)
836 : (943,95)
837 : (265,676)
838 : (235,78)
839 : (953,528)
840 : (192,337)
841 : (413,551)
842 : (306,393)
843 : (631,865)
844 : (91,990)
845 : (102,881)
846 : (187,57)
847 : (662,385)
848 : (813,778)
849 : (677,903)
850 : (761,848)
851 : (4,321)
852 : (16,745)
853 : (971,371)
854 : (743,666)
855 : (966,121)
856 : (788,488)
857 : (251,755)
858 : (695,81)
859 : (376,975)
860 : (703,760)
861 : (709,307)
862 : (168,110)
863 : (742,611)
864 : (988,617)
865 : (588,323)
866 : (380,248)
867 : (883,775)
868 : (271,314)
869 : (882,85)
870 : (102,163)
871 : (86,201)
872 : (980,415)
873 : (276,646)
874 : (668,307)
875 : (97,792)
876 : (128,401)
877 : (875,619)
878 : (491,578)
879 : (862,773)
880 : (306,311)
881 : (152,931)
882 : (1,146)
883 : (683,311)
884 : (640,221)
885 : (18,674)
886 : (749,164)
887 : (555,840)
888 : (459,102)
889 : (604,97)
890 : (59,142)
891 : (468,203)
892 : (488,465)
893 : (518,212)
894 : (866,805)
895 : (473,793)
896 : (385,276)
897 : (423,608)
898 : (119,812)
899 : (399,14)
900 : (586,454)
901 : (671,944)
902 : (279,12)
903 : (689,218)
904 : (510,472)
905 : (839,63)
906 : (709,471)
907 : (333,833)
908 : (22,502)
909 : (436,219)
910 : (188,825)
911 : (488,475)
912 : (646,597)
913 : (343,890)
914 : (632,610)
915 : (161,818)
916 : (970,489)
917 : (60,264)
918 : (315,349)
919 : (370,181)
920 : (908,725)
921 : (928,445)
922 : (415,273)
923 : (371,569)
924 : (276,601)
925 : (28,104)
926 : (359,377)
927 : (887,16)
928 : (493,156)
929 : (753,916)
930 : (905,795)
931 : (248,492)
932 : (129,217)
933 : (417,432)
934 : (36,120)
935 : (652,555)
936 : (956,251)
937 : (292,467)
938 : (988,64)
939 : (916,119)
940 : (549,830)
941 : (962,396)
942 : (881,360)
943 : (159,648)
944 : (950,747)
945 : (809,336)
946 : (651,645)
947 : (390,668)
948 : (741,976)
949 : (632,78)
950 : (190,929)
951 : (89,400)
952 : (842,463)
953 : (52,770)
954 : (591,556)
955 : (549,191)
956 : (206,993)
957 : (942,225)
958 : (686,66)
959 : (826,488)
960 : (641,90)
961 : (878,533)
962 : (799,916)
963 : (800,254)
964 : (183,401)
965 : (848,24)
966 : (631,603)
967 : (981,713)
968 : (858,994)
969 : (223,192)
970 : (11,221)
971 : (190,740)
972 : (564,951)
973 : (827,464)
974 : (647,453)
975 : (744,843)
976 : (46,952)
977 : (867,586)
978 : (665,68)
979 : (26,787)
980 : (832,614)
981 : (640,795)
982 : (692,856)
983 : (432,145)
984 : (468,49)
985 : (11,254)
986 : (968,630)
987 : (629,725)
988 : (631,467)
989 : (987,702)
990 : (252,256)
991 : (941,427)
992 : (9,70)
993 : (381,534)
994 : (244,547)
995 : (481,810)
996 : (269,209)
997 : (928,0)
998 : (352,694)
999 : (964,870)
1000 : (389,80)
