R : (678,969)
1 : (576,876)
2 : (109,436)
3 : (260,44)
4 : (454,229)
5 : (723,512)
6 : (381,304)
7 : (655,577)
8 : (188,189)
9 : (749,527)
10 : (261,620)
11 : (477,693)
12 : (510,548)
13 : (477,843)
14 : (478,325)
15 : (840,411)
16 : (726,871)
17 : (703,472)
18 : (787,309)
19 : (329,856)
20 : (184,36)
21 : (722,524)
22 : (497,896)
23 : (224,151)
24 : (501,179)
25 : (287,878)
26 : (445,797)
27 : (951,95)
28 : (643,781)
29 : (282,776)
30 : (819,838)
31 : (398,80)
32 : (820,99)
33 : (456,796)
34 : (674,252)
35 : (657,541)
36 : (451,890)
37 : (966,447)
38 : (898,883)
39 : (295,166)
40 : (411,240)
41 : (607,219)
42 : (483,550)
43 : (826,174)
44 : (789,421)
45 : (760,638)
46 : (133,406)
47 : (959,276)
48 : (145,533)
49 : (468,557)
50 : (938,90)
