R : (509,163)
1 : (654,429)
2 : (363,784)
3 : (814,866)
4 : (577,862)
5 : (537,375)
6 : (540,719)
7 : (785,808)
8 : (59,355)
9 : (823,31)
10 : (517,329)
11 : (382,531)
12 : (324,253)
13 : (794,96)
14 : (240,995)
15 : (641,81)
16 : (872,861)
17 : (149,582)
18 : (235,724)
19 : (977,543)
20 : (590,217)
21 : (956,298)
22 : (256,377)
23 : (744,966)
24 : (75,293)
25 : (352,575)
26 : (106,922)
27 : (896,739)
28 : (190,977)
29 : (164,146)
30 : (668,999)
31 : (200,161)
32 : (584,6)
33 : (693,614)
34 : (304,899)
35 : (6,510)
36 : (515,737)
37 : (356,948)
38 : (808,683)
39 : (396,969)
40 : (3,384)
41 : (774,194)
42 : (233,10)
43 : (889,511)
44 : (813,11)
45 : (724,253)
46 : (617,509)
47 : (215,64)
48 : (304,551)
49 : (953,940)
50 : (952,193)
51 : (264,213)
52 : (81,61)
53 : (454,248)
54 : (963,297)
55 : (430,181)
56 : (250,297)
57 : (975,895)
58 : (918,329)
59 : (488,868)
60 : (66,297)
61 : (829,247)
62 : (725,373)
63 : (691,14)
64 : (899,244)
65 : (813,655)
66 : (871,776)
67 : (435,748)
68 : (175,827)
69 : (485,820)
70 : (726,367)
71 : (156,662)
72 : (571,584)
73 : (367,429)
74 : (907,536)
75 : (67,180)
76 : (766,936)
77 : (357,517)
78 : (191,688)
79 : (692,458)
80 : (335,599)
81 : (853,758)
82 : (652,703)
83 : (332,919)
84 : (495,752)
85 : (31,836)
86 : (462,992)
87 : (371,114)
88 : (815,724)
89 : (721,58)
90 : (815,266)
91 : (674,808)
92 : (950,541)
93 : (895,997)
94 : (860,627)
95 : (670,933)
96 : (824,577)
97 : (398,876)
98 : (98,66)
99 : (97,973)
100 : (947,332)
101 : (242,154)
102 : (780,437)
103 : (366,390)
104 : (219,431)
105 : (117,796)
106 : (233,207)
107 : (474,530)
108 : (606,228)
109 : (200,476)
110 : (87,743)
111 : (583,22)
112 : (143,975)
113 : (217,107)
114 : (132,837)
115 : (152,4)
116 : (641,438)
117 : (494,803)
118 : (922,848)
119 : (342,203)
120 : (184,504)
121 : (511,509)
122 : (439,119)
123 : (988,129)
124 : (183,498)
125 : (559,55)
126 : (236,637)
127 : (496,577)
128 : (264,236)
129 : (870,300)
130 : (461,672)
131 : (370,21)
132 : (912,710)
133 : (819,697)
134 : (423,816)
135 : (382,181)
136 : (272,946)
137 : (174,681)
138 : (2,679)
139 : (407,300)
140 : (856,43)
141 : (687,448)
142 : (74,738)
143 : (809,607)
144 : (279,504)
145 : (818,408)
146 : (675,976)
147 : (772,543)
148 : (869,275)
149 : (320,237)
150 : (180,823)
151 : (754,729)
152 : (892,649)
153 : (806,492)
154 : (279,409)
155 : (201,779)
156 : (234,185)
157 : (139,287)
158 : (388,788)
159 : (873,599)
160 : (942,177)
161 : (626,750)
162 : (512,916)
163 : (922,959)
164 : (133,679)
165 : (952,212)
166 : (74,44)
167 : (747,333)
168 : (486,817)
169 : (675,425)
170 : (131,639)
171 : (705,799)
172 : (366,11)
173 : (583,919)
174 : (412,360)
175 : (707,591)
176 : (608,49)
177 : (683,778)
178 : (284,702)
179 : (319,874)
180 : (547,731)
181 : (208,63)
182 : (83,521)
183 : (399,774)
184 : (926,660)
185 : (953,974)
186 : (45,347)
187 : (49,753)
188 : (440,481)
189 : (191,649)
190 : (223,711)
191 : (306,676)
192 : (820,811)
193 : (883,32)
194 : (556,167)
195 : (932,643)
196 : (361,537)
197 : (974,763)
198 : (559,629)
199 : (253,843)
200 : (495,181)
